[[5.02524, 0.67784, 4.0, 0.06106],
[5.01438, 0.91812, 4.0, 0.06013],
[5.00086, 1.15638, 4.0, 0.05966],
[4.98441, 1.39405, 4.0, 0.05956],
[4.96459, 1.63237, 4.0, 0.05979],
[4.94077, 1.87247, 4.0, 0.06032],
[4.91205, 2.11543, 4.0, 0.06116],
[4.87733, 2.36207, 4.0, 0.06227],
[4.83483, 2.61294, 3.70407, 0.06869],
[4.7825, 2.86754, 3.1919, 0.08143],
[4.71742, 3.12378, 3.1919, 0.08282],
[4.637, 3.3774, 3.1919, 0.08336],
[4.53837, 3.62308, 3.1919, 0.08294],
[4.41838, 3.85544, 3.1919, 0.08193],
[4.27346, 4.06914, 3.1919, 0.08089],
[4.09781, 4.25582, 3.52952, 0.07262],
[3.89893, 4.41869, 3.89471, 0.066],
[3.68178, 4.56066, 4.0, 0.06486],
[3.44938, 4.68342, 4.0, 0.06571],
[3.20484, 4.78948, 4.0, 0.06664],
[2.9502, 4.8804, 4.0, 0.0676],
[2.68718, 4.95745, 4.0, 0.06852],
[2.41729, 5.02169, 4.0, 0.06936],
[2.1419, 5.07395, 4.0, 0.07008],
[1.8623, 5.11488, 4.0, 0.07065],
[1.57971, 5.14502, 4.0, 0.07105],
[1.29529, 5.16493, 4.0, 0.07128],
[1.01005, 5.17481, 4.0, 0.07135],
[0.72493, 5.17485, 4.0, 0.07128],
[0.44078, 5.16525, 4.0, 0.07108],
[0.15836, 5.14603, 4.0, 0.07077],
[-0.12159, 5.11719, 4.0, 0.07036],
[-0.39845, 5.07881, 4.0, 0.06988],
[-0.67168, 5.03106, 4.0, 0.06934],
[-0.94102, 4.97452, 4.0, 0.0688],
[-1.20624, 4.90956, 4.0, 0.06826],
[-1.46699, 4.83627, 4.0, 0.06771],
[-1.72274, 4.75444, 4.0, 0.06713],
[-1.97252, 4.66323, 4.0, 0.06648],
[-2.21502, 4.56155, 3.57433, 0.07357],
[-2.44838, 4.44798, 3.14709, 0.08247],
[-2.6702, 4.32095, 2.75982, 0.09262],
[-2.87712, 4.17874, 2.58503, 0.09713],
[-3.06817, 4.02244, 2.58503, 0.09549],
[-3.24134, 3.85225, 2.58503, 0.09393],
[-3.39045, 3.66616, 2.58503, 0.09224],
[-3.50783, 3.46365, 2.44159, 0.09587],
[-3.583, 3.24671, 2.44159, 0.09403],
[-3.60975, 3.02317, 2.44159, 0.09221],
[-3.60558, 2.80022, 2.44159, 0.09133],
[-3.56804, 2.58099, 2.44159, 0.0911],
[-3.48889, 2.37112, 2.44159, 0.09187],
[-3.35894, 2.18151, 2.93132, 0.07842],
[-3.1942, 2.01219, 3.25731, 0.07253],
[-3.00103, 1.86329, 3.63542, 0.06709],
[-2.78457, 1.73396, 4.0, 0.06304],
[-2.54918, 1.62265, 4.0, 0.06509],
[-2.29897, 1.527, 4.0, 0.06697],
[-2.03789, 1.44377, 4.0, 0.06851],
[-1.76993, 1.36881, 4.0, 0.06956],
[-1.49854, 1.29809, 4.0, 0.07011],
[-1.2311, 1.22691, 4.0, 0.06919],
[-0.96685, 1.1523, 3.90829, 0.07025],
[-0.70795, 1.07202, 3.40014, 0.07972],
[-0.45653, 0.98396, 2.9853, 0.08924],
[-0.21529, 0.88565, 2.9853, 0.08726],
[0.01289, 0.77484, 2.80206, 0.09053],
[0.22489, 0.64962, 2.5249, 0.09751],
[0.41713, 0.50846, 2.2, 0.10841],
[0.58405, 0.34947, 2.2, 0.10478],
[0.7188, 0.17207, 2.2, 0.10126],
[0.82358, -0.01868, 2.2, 0.09893],
[0.89277, -0.22118, 2.2, 0.09727],
[0.91788, -0.43212, 2.2, 0.09655],
[0.88428, -0.64209, 2.45174, 0.08673],
[0.80423, -0.84101, 2.72904, 0.07857],
[0.68727, -1.02528, 2.9568, 0.07381],
[0.53876, -1.19296, 3.22978, 0.06935],
[0.36334, -1.34333, 3.49955, 0.06602],
[0.16436, -1.47593, 3.78069, 0.06325],
[-0.05539, -1.59052, 4.0, 0.06196],
[-0.2931, -1.68744, 4.0, 0.06418],
[-0.54583, -1.76775, 4.0, 0.0663],
[-0.81074, -1.83308, 4.0, 0.06821],
[-1.08486, -1.88594, 4.0, 0.06979],
[-1.36598, -1.92853, 4.0, 0.07108],
[-1.65196, -1.96349, 4.0, 0.07203],
[-1.9411, -1.99296, 4.0, 0.07266],
[-2.2259, -2.02971, 4.0, 0.07179],
[-2.50482, -2.07578, 3.80377, 0.07432],
[-2.77623, -2.13296, 3.34397, 0.08295],
[-3.03839, -2.20284, 2.96526, 0.0915],
[-3.2894, -2.28686, 2.96526, 0.08927],
[-3.52697, -2.38646, 2.96526, 0.08687],
[-3.74812, -2.50324, 2.82982, 0.08838],
[-3.94909, -2.63867, 2.57054, 0.09428],
[-4.12414, -2.79441, 2.57054, 0.09115],
[-4.26615, -2.97047, 2.57054, 0.088],
[-4.37712, -3.16083, 2.57054, 0.08572],
[-4.45724, -3.36172, 2.57054, 0.08414],
[-4.50185, -3.57048, 2.57054, 0.08305],
[-4.50348, -3.78233, 2.70229, 0.0784],
[-4.47003, -3.99169, 2.70229, 0.07846],
[-4.40149, -4.19442, 2.70229, 0.07919],
[-4.29715, -4.38581, 2.70229, 0.08066],
[-4.15423, -4.55897, 2.99199, 0.07504],
[-3.97979, -4.71204, 3.31515, 0.07],
[-3.77934, -4.84477, 3.66074, 0.06567],
[-3.55716, -4.9576, 4.0, 0.0623],
[-3.31662, -5.05123, 4.0, 0.06453],
[-3.06094, -5.12696, 4.0, 0.06667],
[-2.79281, -5.18623, 4.0, 0.06865],
[-2.5149, -5.23109, 4.0, 0.07038],
[-2.22959, -5.26386, 4.0, 0.0718],
[-1.93876, -5.28673, 4.0, 0.07293],
[-1.64385, -5.30162, 4.0, 0.07382],
[-1.3461, -5.31047, 4.0, 0.07447],
[-1.04646, -5.31496, 4.0, 0.07492],
[-0.74564, -5.31654, 4.0, 0.07521],
[-0.44421, -5.31632, 4.0, 0.07536],
[-0.14339, -5.31384, 4.0, 0.07521],
[0.15624, -5.30858, 4.0, 0.07492],
[0.45437, -5.30004, 4.0, 0.07457],
[0.75067, -5.28757, 4.0, 0.07414],
[1.04475, -5.2705, 4.0, 0.07364],
[1.33621, -5.24819, 4.0, 0.07308],
[1.62466, -5.22002, 4.0, 0.07246],
[1.90966, -5.18532, 4.0, 0.07178],
[2.19068, -5.14334, 4.0, 0.07103],
[2.46709, -5.09318, 3.95934, 0.07095],
[2.73787, -5.03344, 3.56474, 0.07779],
[3.0017, -4.96231, 3.06057, 0.08928],
[3.25702, -4.87796, 3.06057, 0.08786],
[3.50189, -4.77827, 3.06057, 0.08639],
[3.73371, -4.66065, 3.06057, 0.08494],
[3.94882, -4.52182, 3.06057, 0.08365],
[4.14283, -4.35864, 3.06057, 0.08283],
[4.30639, -4.16485, 3.65716, 0.06934],
[4.44691, -3.95088, 4.0, 0.064],
[4.56749, -3.7209, 4.0, 0.06492],
[4.66999, -3.47744, 4.0, 0.06604],
[4.75608, -3.22252, 4.0, 0.06727],
[4.82734, -2.95787, 4.0, 0.06852],
[4.88525, -2.68497, 4.0, 0.06974],
[4.93127, -2.40516, 4.0, 0.07089],
[4.96694, -2.11969, 4.0, 0.07192],
[4.99372, -1.82965, 4.0, 0.07282],
[5.01323, -1.53609, 4.0, 0.07355],
[5.02699, -1.23993, 4.0, 0.07412],
[5.03632, -0.94186, 4.0, 0.07455],
[5.04194, -0.6429, 4.0, 0.07475],
[5.04409, -0.35098, 4.0, 0.07298],
[5.04318, -0.07649, 4.0, 0.06862],
[5.03962, 0.18347, 4.0, 0.065],
[5.03362, 0.43374, 4.0, 0.06259]]