[[-0.11087, -3.28924, 4.0, 0.04281],
[0.00309, -3.3518, 4.0, 0.0325],
[0.11704, -3.41436, 4.0, 0.0325],
[0.26716, -3.49678, 4.0, 0.04281],
[0.53122, -3.64176, 4.0, 0.07531],
[0.79529, -3.78674, 4.0, 0.07531],
[1.05936, -3.93172, 4.0, 0.07531],
[1.32342, -4.07671, 4.0, 0.07531],
[1.58749, -4.22169, 4.0, 0.07531],
[1.85157, -4.36664, 4.0, 0.07531],
[2.11566, -4.51158, 4.0, 0.07531],
[2.37975, -4.65651, 4.0, 0.07531],
[2.6438, -4.80153, 4.0, 0.07531],
[2.9078, -4.94666, 4.0, 0.07531],
[3.17182, -5.09174, 4.0, 0.07531],
[3.43596, -5.23657, 4.0, 0.07531],
[3.70018, -5.38123, 4.0, 0.07531],
[3.96454, -5.52561, 4.0, 0.0753],
[4.22865, -5.67051, 4.0, 0.07531],
[4.49227, -5.81642, 3.48881, 0.08636],
[4.75513, -5.96392, 3.10783, 0.09699],
[5.01693, -6.11363, 2.92552, 0.10309],
[5.27735, -6.26622, 2.86722, 0.10527],
[5.54303, -6.4078, 2.86722, 0.105],
[5.81833, -6.52818, 2.86722, 0.1048],
[6.10435, -6.61597, 2.86722, 0.10435],
[6.39836, -6.66172, 2.86722, 0.10378],
[6.69406, -6.65976, 2.86722, 0.10313],
[6.98427, -6.60891, 2.8874, 0.10204],
[7.26241, -6.51125, 2.98335, 0.09881],
[7.52335, -6.37146, 3.13605, 0.09439],
[7.7636, -6.19553, 3.33513, 0.08928],
[7.98117, -5.99012, 3.57643, 0.08366],
[8.17568, -5.76171, 3.87738, 0.07737],
[8.34858, -5.51572, 4.0, 0.07517],
[8.50196, -5.25678, 4.0, 0.07524],
[8.63851, -4.98866, 4.0, 0.07522],
[8.76035, -4.71342, 4.0, 0.07525],
[8.86909, -4.4327, 4.0, 0.07526],
[8.96491, -4.14734, 3.89953, 0.07719],
[9.04804, -3.85795, 3.36912, 0.08937],
[9.1185, -3.56518, 3.03584, 0.09919],
[9.17521, -3.26949, 2.8697, 0.10492],
[9.21656, -2.97128, 2.81335, 0.10701],
[9.23647, -2.67101, 2.81335, 0.10696],
[9.22877, -2.3704, 2.81335, 0.10689],
[9.1843, -2.07327, 2.81335, 0.10679],
[9.09597, -1.78741, 2.81335, 0.10635],
[8.9619, -1.5221, 2.81335, 0.10566],
[8.7848, -1.28522, 2.83583, 0.1043],
[8.57021, -1.08207, 2.95518, 0.09999],
[8.32573, -0.9146, 3.15099, 0.09405],
[8.05912, -0.78195, 3.4092, 0.08735],
[7.77718, -0.68146, 3.77562, 0.07928],
[7.48569, -0.60866, 4.0, 0.07511],
[7.18891, -0.55837, 4.0, 0.07525],
[6.88952, -0.52563, 4.0, 0.07529],
[6.58896, -0.50721, 4.0, 0.07528],
[6.28804, -0.50173, 4.0, 0.07524],
[5.98719, -0.50777, 4.0, 0.07523],
[5.68664, -0.52393, 4.0, 0.07525],
[5.38656, -0.54884, 4.0, 0.07528],
[5.08706, -0.58123, 4.0, 0.07531],
[4.78675, -0.60128, 4.0, 0.07524],
[4.48622, -0.60472, 4.0, 0.07514],
[4.1865, -0.58853, 4.0, 0.07504],
[3.88888, -0.55101, 4.0, 0.07499],
[3.59466, -0.49232, 4.0, 0.07501],
[3.30489, -0.41363, 4.0, 0.07506],
[3.02028, -0.31703, 4.0, 0.07514],
[2.74108, -0.20507, 4.0, 0.0752],
[2.46716, -0.08037, 4.0, 0.07524],
[2.19814, 0.05486, 4.0, 0.07527],
[1.93353, 0.19859, 4.0, 0.07528],
[1.67274, 0.34911, 4.0, 0.07528],
[1.41659, 0.50737, 4.0, 0.07528],
[1.16627, 0.67458, 4.0, 0.07526],
[0.92297, 0.8519, 4.0, 0.07526],
[0.68803, 1.04002, 4.0, 0.07524],
[0.46273, 1.23961, 4.0, 0.07525],
[0.24871, 1.45129, 4.0, 0.07526],
[0.04802, 1.67555, 4.0, 0.07524],
[-0.13786, 1.91215, 4.0, 0.07522],
[-0.30735, 2.16076, 4.0, 0.07522],
[-0.4585, 2.42095, 4.0, 0.07523],
[-0.58917, 2.69196, 4.0, 0.07522],
[-0.69836, 2.9722, 4.0, 0.07519],
[-0.78659, 3.2596, 3.64234, 0.08254],
[-0.85564, 3.55217, 3.44525, 0.08725],
[-0.90771, 3.8483, 3.40114, 0.0884],
[-0.94507, 4.14681, 3.40114, 0.08845],
[-0.97035, 4.44662, 3.39793, 0.08855],
[-1.01847, 4.73999, 3.29838, 0.09013],
[-1.09608, 5.0246, 3.16027, 0.09334],
[-1.20554, 5.2975, 3.14659, 0.09345],
[-1.34668, 5.55612, 3.14659, 0.09364],
[-1.51814, 5.79795, 3.14659, 0.09421],
[-1.71886, 6.01933, 3.14659, 0.09497],
[-1.9475, 6.21443, 3.14659, 0.09552],
[-2.20063, 6.37552, 3.14659, 0.09535],
[-2.47186, 6.49878, 3.2519, 0.09161],
[-2.7554, 6.58525, 3.50119, 0.08467],
[-3.04691, 6.63942, 3.9665, 0.07475],
[-3.34325, 6.66798, 4.0, 0.07443],
[-3.64237, 6.67788, 4.0, 0.07482],
[-3.94297, 6.67597, 4.0, 0.07515],
[-4.24413, 6.6685, 4.0, 0.07531],
[-4.54529, 6.66115, 4.0, 0.07531],
[-4.84645, 6.65378, 4.0, 0.07531],
[-5.14761, 6.64641, 4.0, 0.07531],
[-5.44877, 6.63905, 3.37861, 0.08916],
[-5.74993, 6.63163, 3.03962, 0.09911],
[-6.05111, 6.62452, 2.94437, 0.10232],
[-6.35206, 6.61509, 2.94437, 0.10226],
[-6.65212, 6.59745, 2.94437, 0.10209],
[-6.94863, 6.55698, 2.94437, 0.10164],
[-7.23545, 6.48165, 2.94437, 0.10072],
[-7.50468, 6.36623, 2.94437, 0.09949],
[-7.75085, 6.21141, 3.00754, 0.09669],
[-7.97158, 6.02137, 3.19219, 0.09124],
[-8.16673, 5.80183, 3.49831, 0.08397],
[-8.33794, 5.55925, 3.91301, 0.07588],
[-8.48786, 5.29996, 4.0, 0.07488],
[-8.6197, 5.02953, 4.0, 0.07521],
[-8.73694, 4.75215, 4.0, 0.07529],
[-8.84359, 4.4705, 4.0, 0.07529],
[-8.94005, 4.1852, 3.24864, 0.09271],
[-9.02602, 3.89659, 2.82163, 0.10673],
[-9.10022, 3.60477, 2.7, 0.11152],
[-9.16125, 3.30987, 2.7, 0.11154],
[-9.2065, 3.01218, 2.7, 0.11152],
[-9.23137, 2.71246, 2.7, 0.11139],
[-9.21686, 2.41541, 2.7, 0.11015],
[-9.15324, 2.13153, 2.7, 0.10775],
[-9.04072, 1.86859, 2.75244, 0.10391],
[-8.88459, 1.63001, 2.93363, 0.09719],
[-8.69169, 1.41625, 3.25946, 0.08834],
[-8.46969, 1.22552, 3.73668, 0.07833],
[-8.2262, 1.05473, 4.0, 0.07436],
[-7.96847, 0.90018, 4.0, 0.07513],
[-7.70288, 0.75807, 4.0, 0.0753],
[-7.43347, 0.62338, 4.0, 0.0753],
[-7.16164, 0.49361, 4.0, 0.0753],
[-6.88853, 0.36652, 4.0, 0.07531],
[-6.61597, 0.23838, 4.0, 0.07529],
[-6.34485, 0.10736, 4.0, 0.07528],
[-6.07558, -0.02732, 4.0, 0.07527],
[-5.80821, -0.16578, 4.0, 0.07527],
[-5.54251, -0.30753, 4.0, 0.07529],
[-5.27802, -0.45168, 4.0, 0.0753],
[-5.01413, -0.59701, 4.0, 0.07532],
[-4.75021, -0.74229, 4.0, 0.07532],
[-4.48622, -0.88741, 4.0, 0.07531],
[-4.22209, -1.03228, 4.0, 0.07531],
[-3.95788, -1.17697, 4.0, 0.07531],
[-3.69377, -1.32188, 4.0, 0.07531],
[-3.42975, -1.46696, 4.0, 0.07531],
[-3.16574, -1.61205, 4.0, 0.07531],
[-2.9017, -1.75709, 4.0, 0.07531],
[-2.63763, -1.90205, 4.0, 0.07531],
[-2.37354, -2.04701, 4.0, 0.07531],
[-2.10947, -2.19197, 4.0, 0.07531],
[-1.84539, -2.33694, 4.0, 0.07531],
[-1.58133, -2.48192, 4.0, 0.07531],
[-1.31726, -2.6269, 4.0, 0.07531],
[-1.05319, -2.77189, 4.0, 0.07531],
[-0.78912, -2.91687, 4.0, 0.07531],
[-0.52505, -3.06184, 4.0, 0.07531],
[-0.26098, -3.20682, 4.0, 0.07531]]