[[-1.28386, -1.71636, 1.58725, 0.10042],
[-1.43203, -1.71422, 1.47994, 0.10013],
[-1.57495, -1.70964, 1.47994, 0.09662],
[-1.77815, -1.68399, 1.47994, 0.13839],
[-2.01561, -1.61061, 1.47994, 0.16794],
[-2.24113, -1.48002, 1.48026, 0.17605],
[-2.43453, -1.29702, 1.56588, 0.17003],
[-2.58958, -1.07003, 1.74138, 0.15786],
[-2.70641, -0.80854, 2.13761, 0.13398],
[-2.79316, -0.52487, 2.65268, 0.11183],
[-2.86347, -0.23077, 1.54764, 0.19539],
[-2.93039, 0.0697, 1.32855, 0.2317],
[-3.00176, 0.36915, 1.31129, 0.23476],
[-3.04681, 0.66647, 1.31129, 0.22932],
[-3.02266, 0.94803, 1.31129, 0.21551],
[-2.92252, 1.19387, 1.31129, 0.20243],
[-2.75901, 1.39493, 1.38953, 0.18651],
[-2.54562, 1.54914, 1.53698, 0.17129],
[-2.29367, 1.65728, 1.7057, 0.16074],
[-2.01172, 1.71979, 1.77515, 0.16269],
[-1.70719, 1.73413, 1.77515, 0.17174],
[-1.41001, 1.70046, 1.77515, 0.16849],
[-1.13129, 1.61604, 1.8109, 0.16081],
[-0.87328, 1.48652, 1.98535, 0.14541],
[-0.63463, 1.32064, 2.20216, 0.13198],
[-0.41223, 1.12732, 1.9629, 0.15012],
[-0.20283, 0.9138, 1.95493, 0.15298],
[-0.00036, 0.68276, 1.95493, 0.15715],
[0.22176, 0.48379, 1.95493, 0.15254],
[0.46568, 0.32319, 1.95493, 0.14939],
[0.72848, 0.20106, 2.05926, 0.14073],
[1.00647, 0.11431, 2.20344, 0.13216],
[1.29654, 0.05982, 1.82205, 0.16199],
[1.59616, 0.03528, 1.52748, 0.19681],
[1.90397, 0.0406, 1.35132, 0.22782],
[2.20748, 0.01173, 1.23869, 0.24613],
[2.49431, -0.06779, 1.2, 0.24804],
[2.74599, -0.20992, 1.2, 0.24086],
[2.93986, -0.41702, 1.2, 0.2364],
[3.04854, -0.67914, 1.2, 0.23646],
[3.05118, -0.96362, 1.2044, 0.23622],
[2.94981, -1.22536, 1.25773, 0.22317],
[2.76679, -1.43677, 1.36548, 0.20478],
[2.52621, -1.58884, 1.54148, 0.18464],
[2.24877, -1.68331, 1.80166, 0.16267],
[1.95097, -1.72863, 2.2175, 0.13584],
[1.64485, -1.73828, 2.99873, 0.10213],
[1.33715, -1.72767, 4.0, 0.07697],
[1.0294, -1.7222, 4.0, 0.07695],
[0.72162, -1.72095, 4.0, 0.07694],
[0.41384, -1.72287, 4.0, 0.07695],
[0.10602, -1.7267, 4.0, 0.07696],
[-0.2018, -1.72763, 4.0, 0.07695],
[-0.50952, -1.72619, 4.0, 0.07693],
[-0.81709, -1.72308, 4.0, 0.0769],
[-1.12449, -1.71886, 1.89598, 0.16215]]